3.692308821467540358e-01 1.529404390321673912e-01 9.166666666666666297e-01
-1.529404390321673635e-01 3.692308821467540358e-01 9.166666666666666297e-01
-3.692308821467540914e-01 -1.529404390321673635e-01 9.166666666666666297e-01
1.529404390321673080e-01 -3.692308821467540358e-01 9.166666666666666297e-01
7.453559924999300090e-01 -4.225431983769304708e-17 6.666666666666666297e-01
5.270462766947300315e-01 5.270462766947299205e-01 6.666666666666666297e-01
2.688852718999257172e-16 7.453559924999300090e-01 6.666666666666666297e-01
-5.270462766947299205e-01 5.270462766947301425e-01 6.666666666666666297e-01
-7.453559924999301201e-01 5.122759374410934444e-16 6.666666666666666297e-01
-5.270462766947303646e-01 -5.270462766947295874e-01 6.666666666666666297e-01
1.491544270384825820e-16 -7.453559924999298980e-01 6.666666666666666297e-01
5.270462766947290323e-01 -5.270462766947308086e-01 6.666666666666666297e-01
8.710419765842509765e-01 -3.607974000974646933e-01 3.333333333333332593e-01
8.710419765842510875e-01 3.607974000974645268e-01 3.333333333333332593e-01
3.607974000974647488e-01 8.710419765842509765e-01 3.333333333333332593e-01
-3.607974000974644713e-01 8.710419765842510875e-01 3.333333333333332593e-01
-8.710419765842509765e-01 3.607974000974648043e-01 3.333333333333332593e-01
-8.710419765842513096e-01 -3.607974000974640827e-01 3.333333333333332593e-01
-3.607974000974648598e-01 -8.710419765842509765e-01 3.333333333333332593e-01
3.607974000974643602e-01 -8.710419765842511985e-01 3.333333333333332593e-01
1.000000000000000000e+00 -7.714614851718355205e-17 6.123233995736766036e-17
7.071067811865476838e-01 7.071067811865474617e-01 6.123233995736766036e-17
3.496927710944919114e-16 1.000000000000000000e+00 6.123233995736766036e-17
-7.071067811865474617e-01 7.071067811865476838e-01 6.123233995736766036e-17
